50 50
-86 -70 -40 9 41 43 48 -24 -4 -67 -14 -17 31 91 -74 -64 -32 84 -78 40 -25 -67 -48 -71 -74 -20 -52 -87 -95 42 62 -53 -81 14 -96 30 -87 -43 62 83 -48 -29 77 93 -11 -56 -77 34 -69 -41
20 17 34 -11 70 -3 -20 -16 -2 93 -88 -39 -82 -51 -72 80 49 54 79 -59 0 56 -26 -58 -61 -79 -30 34 -20 -54 36 -29 54 93 39 -50 32 50 56 -50 55 2 81 -16 -82 -7 76 1 44 13
8 -99 -62 79 95 -12 -32 -3 -51 0 74 30 41 10 24 43 10 1 -14 51 -99 62 20 -9 -76 28 34 60 -27 -16 52 58 -72 82 -43 -14 16 15 -36 -58 -30 37 62 78 31 -52 31 55 -68 93
44 97 -40 -80 33 -87 -53 -66 76 69 73 7 67 -62 76 74 37 -10 -15 82 -44 -98 -61 -40 -43 -59 -45 66 -13 8 17 -9 16 97 38 -98 -41 73 -50 63 -42 94 -65 -11 33 -42 18 -3 -99 25
15 76 30 -30 -14 -85 -20 83 12 32 66 -20 -33 -74 -87 -91 -38 -6 -95 -48 49 -29 -32 -46 71 12 -16 2 29 -21 -62 26 -45 55 -59 17 25 82 -79 -13 52 60 85 -12 -96 57 -92 34 -56 25
-29 -68 11 90 -3 75 94 -93 -62 10 29 -43 59 -34 17 -99 1 55 -45 -18 73 -86 -22 -56 -91 -34 -77 -88 -62 -1 -63 -31 20 -11 -97 -96 -97 40 71 -2 -44 76 68 29 77 18 27 72 97 23
91 -27 -31 -68 21 -94 -13 16 80 -56 68 71 -13 82 -19 83 -70 73 67 4 24 -10 -9 34 -44 7 -7 -14 -48 -67 -25 -93 -27 -29 35 -46 -35 31 -72 84 -77 -65 -95 36 -54 -79 92 -39 41 70
-31 -89 -84 -91 53 81 -15 14 96 0 -92 -47 29 -89 -43 18 71 56 52 96 -37 9 39 -7 91 -42 62 -46 40 -60 -99 -62 89 -93 -87 -69 99 63 -45 21 -47 -21 42 -52 -51 58 22 -59 -4 38
40 89 -22 79 99 93 39 82 52 3 -52 -93 71 0 42 79 -30 -25 0 -13 -12 -97 -47 41 -58 58 -93 77 97 11 -92 89 98 -88 99 74 -63 -90 -69 24 -3 -55 -38 -20 -91 35 18 -36 -42 98
70 -16 17 57 78 77 -37 -80 39 24 -8 -41 89 -58 20 72 92 -36 -8 -3 -15 -5 1 -69 83 -50 -57 -99 97 -84 -90 25 -45 -53 -7 79 -91 -6 -5 81 1 33 51 -33 61 -28 -71 65 93 -12
60 95 -91 -91 -14 32 -30 -10 29 -79 12 -25 75 28 40 1 -14 31 74 -12 15 -80 -37 49 -37 39 33 -66 57 -93 39 69 93 -51 89 -14 80 72 -76 95 64 10 -74 82 -22 -76 -85 -78 99 6
-78 11 74 50 -88 30 -63 -82 43 -41 -1 33 34 -55 60 96 -68 35 1 69 82 7 -29 -65 18 65 -22 -17 17 61 9 91 -58 -3 88 -35 33 38 -36 10 31 21 63 1 75 -5 -31 -46 -5 -84
50 -24 72 -62 -1 -39 -58 -67 -71 93 -74 -99 -41 -62 24 -82 -45 42 27 -15 59 71 47 -26 2 2 -35 77 59 25 25 16 6 -37 90 62 -56 80 95 10 -98 -38 -18 49 -27 -56 15 57 46 63
74 -14 -22 65 23 -99 20 34 -20 86 8 -64 -11 17 -86 59 -8 -87 15 -35 58 88 97 -44 -55 76 27 -74 25 7 -3 -39 35 97 54 -60 -33 -92 17 -87 -33 -22 24 -52 -22 28 50 -32 57 -45
-19 -84 14 29 -98 -96 61 -92 -7 82 63 -16 63 67 -59 51 -95 71 -62 2 30 -75 17 60 -86 -17 -42 -72 -6 74 96 80 -84 -12 -38 45 36 -57 78 -51 48 48 20 45 -6 3 -24 94 -84 -37
-4 -57 -52 48 63 97 3 -91 49 70 -58 76 82 -13 24 -8 51 -35 -2 -88 -55 -30 77 36 17 -70 -48 -26 55 -81 47 67 -21 -60 -12 76 77 -81 -68 -53 57 -3 70 -93 -88 7 -95 -14 12 16
-28 -25 68 76 17 -53 -25 -65 60 11 20 -4 -33 50 -39 -54 -36 -63 0 -80 54 -69 -8 -94 90 -65 -54 66 59 87 98 -25 -73 -38 74 -98 -83 72 54 8 42 -39 22 49 52 85 37 -11 -52 -25
4 -93 57 -85 -33 30 -78 -2 -22 -68 98 -29 -15 -19 -29 17 -3 46 87 -93 98 22 80 -35 9 45 99 -91 80 -75 -10 63 73 -80 -63 -90 -20 -25 -72 -27 -72 -75 78 59 70 33 -52 36 -85 83
-29 -81 14 -77 93 13 74 98 -75 -76 6 -59 -35 83 64 97 -62 44 32 96 44 -79 -11 -21 -10 18 87 57 -97 -69 -74 87 98 26 -7 -21 34 52 -63 -77 25 91 -50 19 -53 69 33 52 75 60
42 -95 96 52 -56 77 -45 -91 4 49 -39 59 -60 88 -8 -64 -33 -49 9 2 44 -94 11 41 24 -30 73 -29 12 -60 52 27 -57 -46 -99 89 -84 18 -77 39 98 55 -78 -92 64 -35 -51 -71 -12 86
60 3 -31 -90 -46 59 -16 -37 27 -64 -92 -79 46 75 -68 79 -46 -19 -51 -80 -93 -15 13 -22 -5 -58 -11 -7 -98 -30 36 -99 69 -57 2 -84 2 76 91 1 -45 -35 16 -82 -88 33 36 95 -99 -48
-22 28 -29 -62 -25 63 -40 13 -75 -48 10 -10 30 76 71 64 96 73 78 53 55 -22 8 4 10 72 91 54 -39 -56 50 84 -55 -59 -12 74 -51 -40 77 -80 10 99 51 58 -52 1 77 54 -59 -63
-16 -16 -5 -22 -50 86 -2 49 85 99 13 -42 82 5 -15 79 -34 48 -10 33 24 -9 -88 22 -78 -11 19 -75 5 -83 79 -85 -55 -18 3 12 30 -33 30 34 10 25 -73 -56 97 25 6 -1 18 -53
-63 85 78 -5 95 -89 -46 -61 1 74 66 46 72 51 78 -90 -99 -9 -12 26 37 -15 -38 -61 -93 14 97 15 -47 -7 9 -64 28 64 -96 -45 -17 62 -1 -49 62 81 -1 28 -96 -87 -80 -85 5 -4
-87 -16 -97 52 -54 -73 10 84 -18 -51 -71 70 -2 -38 65 64 -14 -84 26 70 -79 8 22 -72 64 14 5 -76 -92 -86 -10 -93 38 15 35 8 -20 -31 35 44 80 72 46 -76 61 41 -40 1 -34 41
59 -80 31 95 -8 25 -87 -74 -47 38 -20 -44 27 91 -27 67 -96 74 -1 -89 -17 17 39 86 49 -42 -59 26 89 -63 56 -91 -56 -86 75 80 50 -98 48 -36 39 -20 3 55 -69 34 -52 70 29 50
-55 -76 -75 -49 31 -1 78 95 73 36 -67 55 -99 -30 -67 44 73 -31 -14 72 40 94 -36 -85 4 -35 -8 73 83 -66 64 -8 50 -22 23 79 -43 55 33 -98 10 95 59 41 -24 21 -92 -84 74 26
-52 60 29 -80 -23 -69 -9 -57 -23 -45 40 73 -26 -15 23 -5 95 -96 -30 85 63 44 43 -20 -86 -57 -40 1 96 12 86 -59 -91 10 66 -33 92 72 6 -83 -83 11 27 56 -45 -70 -31 -43 -59 -63
95 61 -19 17 62 13 -15 21 -13 -23 -14 47 -51 89 58 -22 -15 60 76 94 71 69 91 -10 53 -93 50 57 37 85 95 60 94 94 90 -19 -78 -42 -41 78 -66 -6 88 -11 0 93 -72 -57 51 58
-41 66 63 3 9 -50 90 -80 73 2 -29 -39 -93 27 -26 -80 44 52 3 0 -96 -89 -36 -88 -45 18 -3 -58 56 -80 -69 -70 47 -98 13 6 78 95 21 -59 41 -6 -23 -31 34 49 -48 -64 -64 -4
33 54 -21 63 62 46 52 15 43 -79 -17 61 -40 78 -38 11 -93 -81 -90 6 -55 17 89 -5 -14 -17 60 35 21 -27 -80 85 15 21 94 -98 64 -8 97 -68 -42 -19 -69 75 -9 98 67 81 69 -62
59 70 -37 -31 64 -62 92 -73 94 5 79 95 19 88 7 -78 5 44 -67 78 -3 -76 82 75 -68 -4 7 72 1 -37 -44 57 -36 10 -60 -32 65 -91 77 7 34 -25 -39 62 50 -38 66 81 59 -28
-14 53 41 -3 -72 -83 4 -76 91 37 -53 63 -40 41 65 -16 59 61 47 75 81 -86 12 -41 -6 59 95 -30 -63 -48 -94 -76 31 -98 -44 29 86 -71 99 -92 -18 74 -8 0 8 17 10 -11 18 -50
82 14 -39 92 44 -29 -1 -64 54 -46 36 -67 -54 35 28 39 -67 -45 -81 21 -8 -84 -21 24 -39 22 67 28 -16 13 -42 7 -4 -49 -43 83 -39 -2 -11 20 -71 2 91 -18 22 98 -41 -18 69 -61
-96 -44 44 71 5 -36 -91 -71 63 45 24 -26 -57 41 86 61 65 91 45 -18 76 -5 -81 -17 53 -52 3 -36 -40 24 -14 -35 -2 -41 -85 60 14 -34 -98 -97 10 50 -42 -14 -76 -44 80 -28 -29 -38
-56 75 51 -98 20 23 -77 91 -79 65 51 4 57 -10 41 -82 51 -21 -79 57 11 63 78 -21 -38 -82 -79 96 2 -36 -62 18 -96 95 57 13 25 -5 65 -25 68 47 44 -9 -76 10 -95 29 -69 18
-87 28 3 -1 79 -24 -29 -98 -92 -99 11 -41 -75 55 86 89 -60 -51 -93 -92 58 -87 -50 -85 -19 -20 -55 85 -45 -11 -98 2 27 14 -36 27 92 -72 -44 -61 26 5 48 -29 1 -28 65 32 -6 -20
83 -67 8 67 77 24 78 23 -39 78 -56 48 -69 -92 45 -50 68 -68 -56 85 -60 -51 -32 34 41 55 -5 -74 24 -11 -79 85 -26 -83 -19 -87 -57 -54 -4 -38 47 -80 42 -8 60 -99 66 -71 -58 6
-25 -67 -60 -97 -95 76 -29 -82 -43 81 -96 15 -57 -69 -37 -97 -81 49 87 -94 97 -74 -55 -14 79 80 -37 76 13 60 74 -95 -17 10 -57 -29 43 -80 -56 -46 -3 69 -46 -84 -95 -1 61 -22 69 -97
-45 -77 52 9 -6 52 58 52 -26 -10 90 -74 5 72 95 16 -80 93 -14 55 0 -78 -32 -17 -13 20 64 40 -21 40 -62 -78 -97 -75 -72 -75 -65 -15 -35 11 -9 -2 -48 -12 28 -65 48 20 28 -13
-5 -65 -51 -17 2 93 -68 1 -70 54 51 82 5 -68 -81 46 25 -87 56 -1 95 20 -88 -88 -7 -88 48 -18 -64 42 5 46 3 27 63 48 12 81 75 44 -70 44 -37 -95 -22 -70 89 -32 -95 -30
-62 -69 13 -92 74 94 30 -20 58 -4 -3 64 -8 60 46 -54 41 25 9 83 97 49 51 -66 14 84 -44 86 63 -89 69 -80 13 52 16 52 -85 21 -87 61 29 -83 -33 22 -20 -33 -31 -17 6 -88
-32 -83 -13 -96 72 -11 -29 -89 16 57 -31 -66 56 86 -32 9 37 66 72 -55 92 -50 1 94 -62 29 17 78 -16 -26 -73 -18 46 -97 -79 27 43 87 -84 -85 45 -37 -54 -17 -35 93 42 -76 -99 28
-8 85 -76 75 -1 90 -36 45 -84 20 1 -76 -70 68 4 94 -32 53 27 -30 60 -15 4 87 37 -89 48 -98 -43 89 94 44 83 83 93 46 -97 -88 62 56 -90 -38 -26 -13 -89 -35 33 -37 -89 63
-17 -84 92 64 -16 -40 68 -59 71 80 63 63 -56 -75 26 38 -60 80 -53 76 49 -59 42 20 67 -94 94 -17 -23 63 5 17 -87 -75 -98 3 -18 15 18 60 -60 -78 -32 -58 15 -94 97 29 15 -50
-23 76 90 -41 -69 -73 61 85 88 -77 15 6 -73 -41 -8 -20 -58 -72 61 50 -68 89 -49 -35 44 95 0 30 -24 -61 99 73 -27 69 39 -22 -35 -75 -49 -39 56 -27 8 63 25 -61 34 69 -73 -47
40 89 62 22 -26 24 -32 40 83 -38 63 44 -75 88 -59 59 34 57 -9 48 51 -25 10 -65 36 27 38 38 -46 37 33 -24 -51 25 -26 -84 70 -7 82 74 -64 -49 -28 -72 -14 91 -13 -68 32 40
78 -34 99 76 35 54 -22 -95 86 91 -10 60 -65 -27 37 -96 49 41 73 -94 74 80 -42 -35 -36 -16 -51 -25 10 -94 -53 65 1 82 -74 -22 -49 -54 -92 43 42 -74 -68 -70 45 32 -90 -37 -87 18
15 72 -9 33 -90 -65 61 4 26 85 44 13 -16 71 86 -71 -42 -92 -92 -48 9 -25 40 -81 -76 77 -18 97 1 -99 11 74 -95 58 91 46 -25 38 65 16 24 -42 81 28 79 42 24 96 55 96
-46 -54 -89 -32 -34 52 -56 11 -41 25 26 -6 -9 34 -1 31 46 49 -36 23 -2 41 29 -50 57 60 93 86 -51 -12 15 36 2 19 -87 61 29 62 8 -30 79 -94 -66 -47 -62 76 -55 -45 26 -45
