100 100
-84 -84 2 13 -62 -67 -82 -17 -53 69 47 -28 64 94 -74 -56 -4 -26 -37 -90 2 -95 -23 -80 40 8 70 55 10 -62 30 -89 -93 -78 -41 30 23 -42 -53 52 52 -17 -1 -46 -62 52 18 28 76 -4 -52 47 78 87 54 -96 -47 34 -48 58 86 -37 -61 -54 5 51 -22 -12 -96 -51 -91 -17 34 -28 -78 -66 -25 -46 -84 4 -22 -71 16 44 -56 -59 -38 -81 -35 -40 -79 -14 40 -98 96 -99 -37 66 -74 39
-79 -9 43 -73 -43 -16 6 -55 79 -75 21 -27 32 -34 99 -56 53 -13 -72 45 -40 -27 -59 -30 -59 -69 75 -35 -41 51 59 -4 31 -48 35 95 8 -99 -89 -28 -75 94 66 18 89 -64 -41 25 70 -85 -19 -80 72 12 -10 98 31 -57 76 65 -20 19 -72 -3 -46 60 -38 55 78 22 90 -9 58 -68 -73 1 80 -77 -70 77 28 30 -74 37 -81 -72 34 -26 -40 12 -5 14 -85 17 44 -57 -53 -42 -65 -9
-36 88 -89 75 55 97 57 -42 86 -1 38 -88 15 -75 -80 94 58 83 -55 -93 63 4 -2 -48 -73 93 97 74 63 61 80 -47 94 -20 94 -39 64 90 11 -91 77 33 -88 89 73 -29 -35 64 5 29 -4 96 19 -49 45 -50 22 29 -74 53 -56 30 5 23 64 70 -60 18 63 -10 -71 -34 42 -87 93 -90 7 -60 7 37 -8 -9 -9 -87 -98 -23 20 -8 65 29 -8 -12 -33 -15 -40 66 78 -87 25 97
68 -45 81 15 -76 26 -25 50 -89 97 96 -79 90 83 -73 26 67 71 56 -4 91 59 -71 24 -22 -89 -72 57 22 94 20 64 -96 -22 47 -21 -4 -36 -2 -32 20 36 0 65 9 44 24 63 51 -43 -19 15 46 38 -67 8 -84 11 -23 32 -86 -58 40 -30 -57 -48 -19 70 -83 -3 98 -86 -92 89 5 22 0 -29 -43 75 -82 -22 1 -74 -42 88 -62 96 -65 -72 -84 -69 11 17 33 -64 56 1 53 -87
-48 -90 23 -19 -98 -59 92 51 92 36 -58 -14 3 -73 11 83 73 0 -13 -3 14 -60 -8 -83 -43 -18 68 79 -30 26 51 -95 33 -21 64 -87 60 -98 23 62 59 82 50 65 -56 64 43 1 11 14 -81 -7 -76 -72 1 76 -87 53 13 -95 30 -78 26 10 66 10 50 82 25 -50 52 4 -99 -73 46 47 70 -36 51 28 -60 47 -84 7 16 75 28 64 96 -12 12 -38 -66 -51 -89 -94 88 94 -4 28
-16 -91 -16 15 -19 -69 -52 -58 -45 41 41 83 9 -42 -30 -90 -93 -88 13 18 63 -63 99 50 -98 -29 66 69 -85 18 -37 99 -51 -4 92 89 81 68 -1 15 19 -34 -88 -84 -83 -77 1 84 -27 -25 -95 -38 -92 78 -16 -25 31 99 -49 31 -73 91 -19 -66 -47 63 -99 -68 -24 36 29 65 -80 -78 39 6 -46 -39 31 55 -85 -32 52 69 90 0 -4 80 96 98 59 -10 -34 85 -16 -52 -45 54 33 -14
43 -43 45 80 -26 16 -89 43 -89 -78 21 63 24 -38 -80 77 -31 -47 -72 -29 23 34 -48 46 92 -49 73 -96 -44 14 46 50 -77 -21 70 10 92 -14 -23 96 -94 -59 57 22 26 -20 25 51 -50 12 -18 -4 -37 93 96 -88 -45 -41 5 -87 -20 -18 -38 -11 81 38 -52 -20 63 35 40 78 35 12 -31 89 -24 99 -48 -41 -69 -92 82 83 13 -16 2 -99 -69 -76 35 88 84 -65 37 -39 -95 -97 -60 43
76 -24 -51 -8 71 -1 -96 -56 44 89 -65 -92 8 -24 37 58 89 34 81 21 -12 -71 -9 14 51 7 44 -74 53 -94 -6 -13 -4 78 58 -18 71 -74 -65 77 -19 -51 -50 -2 55 7 -85 -74 -72 91 -23 88 -84 -85 -22 -87 92 -37 -71 75 26 -20 91 3 -85 -79 -25 -2 -57 88 70 72 22 -16 46 37 28 -80 -34 96 -46 21 76 80 -96 -87 30 25 -22 -11 -19 -30 -54 99 -63 43 -75 7 61 30
-44 42 -53 -80 -51 -4 -78 68 -50 24 34 84 20 -95 -97 -86 69 -8 -43 -29 -28 22 -46 -90 2 19 17 31 90 36 -94 49 -68 -98 88 -75 -73 21 -86 65 -90 -74 -48 13 -61 -67 70 46 -32 11 -14 7 -96 -60 -10 -65 75 59 -22 98 -65 -90 -37 41 -64 92 98 -9 -21 58 24 -33 -85 -12 51 99 24 0 99 80 63 93 -13 33 18 -23 -53 -30 94 -2 -36 -52 -61 52 70 -54 -59 62 -81 19
37 62 51 43 26 48 -54 82 -21 -55 -84 43 -5 -28 7 16 53 19 0 -95 -51 65 26 -31 -62 50 -32 -24 -7 -10 2 -83 67 -12 -2 62 91 47 10 -26 -83 35 -72 -9 31 50 43 -90 49 70 -29 -75 -66 65 56 66 -2 65 49 46 -54 80 -93 -62 30 -96 50 -78 42 -85 89 -78 56 -80 -39 64 39 48 -32 -58 -66 -64 36 -4 0 -24 18 73 -24 -4 -99 41 -97 0 -26 -28 -13 51 45 5
-46 42 75 -24 -15 -7 21 0 58 36 -89 68 19 80 95 -25 76 -3 85 -40 70 6 40 -30 57 -79 1 -63 -41 21 2 -9 6 2 51 -54 -54 99 -20 -28 33 -58 76 80 -53 -19 -56 59 75 84 -66 -19 32 -15 46 -67 41 -11 -94 87 -82 13 96 -82 36 66 23 -24 -86 45 43 -47 -87 50 69 -78 7 -59 -84 -57 2 -60 10 -33 18 -53 -55 95 -33 91 2 -27 -21 83 45 90 -25 -40 -21 72
60 51 70 80 -3 -14 -74 -13 -10 -53 -14 -75 -13 -15 -93 -31 -12 -56 11 2 -96 49 -96 -7 -51 -90 -51 -73 -34 -11 89 -81 -53 88 -39 49 18 -89 -95 -20 -25 80 76 20 48 -46 73 -10 70 -20 -85 -21 25 69 87 12 80 36 -22 18 -73 -87 8 -30 -90 -78 16 88 14 49 51 -94 87 -78 29 -79 -96 30 15 17 46 29 -27 31 -81 -20 -12 -66 4 61 15 -25 -36 -68 -74 44 -89 -91 26 56
-80 -31 40 17 0 -31 -25 1 25 -45 -53 -44 60 90 -91 50 18 73 1 20 1 -63 -2 36 24 -4 48 49 -33 -13 17 26 36 98 -61 41 -71 30 -41 4 70 -2 21 92 95 -80 -68 6 -51 -29 81 18 -51 34 82 -19 71 -11 92 40 -9 32 -94 34 -72 -19 62 -34 -52 -27 -52 78 26 81 28 98 -98 -26 70 -29 -53 86 -85 -29 -93 72 -63 36 35 -71 10 -32 -51 -92 40 88 -30 34 18 82
-84 73 -23 23 -51 29 16 -53 25 -40 -43 -90 -65 44 -58 -34 60 -42 43 -95 18 -44 50 -9 -36 -77 88 82 87 35 85 -13 84 -96 66 72 6 -95 66 7 -73 36 49 -14 -26 -72 21 66 91 7 1 44 -56 65 62 -88 66 -99 -23 99 33 -97 -94 -23 -94 2 18 -50 -74 72 -24 -35 58 -12 -34 -69 70 73 -30 46 -95 -58 64 95 -74 -8 -59 -38 42 -23 18 9 21 87 -85 -81 50 -37 -41 28
-31 -65 -18 58 95 4 -78 -92 -94 -40 43 23 76 -74 60 86 -35 -68 -67 -69 78 16 -84 -41 -16 -50 50 91 24 17 -63 72 54 -3 50 -44 -47 9 -67 57 30 62 29 9 -89 89 -50 87 40 54 21 -72 -49 -46 -38 -3 0 -88 -81 -49 -24 -51 -16 74 9 80 45 93 24 -63 -49 -22 87 0 -97 -75 -39 -73 -89 79 -70 19 55 31 -65 82 71 -98 -26 -18 -56 27 -92 80 -33 -89 -66 -42 -5 -47
20 76 61 19 29 -16 -17 -58 -9 34 0 11 80 -19 -2 -92 37 -42 65 89 81 -22 35 -59 17 46 10 -8 83 79 43 -71 -17 -6 99 71 -43 91 95 23 23 46 99 73 -47 40 -73 38 66 -37 -56 -25 -24 -87 -47 9 -46 -18 -85 69 23 91 54 -28 -15 -48 4 89 -24 31 -20 1 -82 91 47 -32 -92 -8 84 -19 68 -4 -54 -36 4 -99 -87 17 -25 51 -47 -13 49 10 -12 -99 -20 -25 58 86
-2 -19 -54 85 8 -26 -36 50 -2 -91 -9 -2 -38 52 85 81 -61 19 12 78 37 -20 -25 -28 56 -28 2 -91 -60 64 11 77 58 82 -66 60 -9 -68 -36 -71 22 72 23 -96 56 76 47 43 -8 26 65 39 68 53 -13 -93 -24 -45 71 68 58 13 10 98 -54 11 -54 93 -91 32 -97 -75 52 -36 -58 -55 55 -80 -23 56 96 -96 17 -5 73 -72 96 -62 -2 67 -85 14 82 46 -65 -47 39 -40 -7 37
-58 93 -36 43 -41 -17 -16 11 41 -47 48 82 33 -12 45 58 44 -6 -54 82 -74 -68 8 -90 -43 -58 -6 80 -17 3 -38 -13 -28 19 -22 -96 99 -27 -3 -13 -24 38 16 51 83 -72 -70 -77 -58 -42 22 -57 -7 -64 11 -97 75 47 93 76 -19 70 82 92 -21 25 -75 4 -35 -8 93 57 21 -99 -22 -11 -44 -73 -69 4 1 6 43 -28 -81 -59 -89 -58 -56 -6 8 53 12 -97 58 -99 -89 46 64 69
-26 -45 -80 31 -9 87 60 -64 37 -42 -44 75 -44 -97 4 63 -11 45 73 24 -71 -64 82 5 84 -67 -41 16 -51 97 -48 40 62 25 -19 -96 45 -35 -45 25 68 -42 53 30 -50 81 98 -27 -97 -19 28 25 -58 63 -58 -73 26 -80 -83 -85 36 -75 37 22 -8 59 -11 -2 0 -42 42 95 21 -35 35 16 -79 -54 2 -86 88 -71 -43 -85 16 42 0 36 -99 50 -89 21 -58 45 -85 72 -73 -24 62 -35
-30 15 -35 19 41 -20 22 -53 -32 90 31 53 -86 83 72 99 94 34 57 -50 -29 -6 -45 18 10 -64 19 78 -47 -8 -38 90 17 25 68 7 85 83 47 -51 42 54 21 87 -15 32 75 45 24 -14 -76 94 -59 40 -71 -3 29 65 21 -60 11 56 -73 -5 -13 67 -7 -31 -6 32 74 -99 15 -41 -71 -86 81 27 -75 6 -88 59 65 65 -41 -20 -86 -88 -17 -91 -75 -99 -84 55 69 54 -76 -61 -51 94
8 -87 -44 -22 -78 73 95 -71 80 39 -60 -70 -50 56 11 -2 -1 84 68 2 -18 19 19 88 -70 -1 -8 54 -85 50 -6 27 1 78 7 2 10 -46 -48 39 2 45 -59 93 -50 98 87 -87 -65 13 -77 -14 85 -18 -4 -42 -7 37 -24 -98 25 28 13 -82 23 -33 69 18 -60 -88 5 82 -4 73 -98 34 37 -59 79 88 36 2 -36 48 -94 75 75 -83 -69 49 42 86 -72 39 15 -60 -60 26 -53 -86
56 81 9 4 69 66 46 -65 61 -67 -14 -29 86 16 39 -31 77 -33 88 0 69 -14 35 92 -96 -26 -18 -90 78 20 28 -40 25 -58 65 94 -22 21 -89 13 22 44 17 -30 -86 70 -48 94 -85 13 59 50 -50 -86 49 -3 11 -77 15 88 -51 -35 39 97 45 98 -55 -60 76 81 -7 49 -65 -54 -71 -34 92 78 22 18 -40 -18 -22 73 52 -41 40 -25 -89 84 21 59 -38 89 55 -76 -49 -38 46 -92
4 -47 88 -5 16 23 27 -65 61 -33 74 72 -51 -7 7 53 -2 21 17 -51 82 36 38 -50 -37 42 -56 42 -61 70 -80 -94 -26 56 -37 -56 99 41 -55 55 17 47 98 23 -73 -37 67 95 -88 30 -89 -51 -97 54 68 -76 -67 -68 97 -79 28 26 -11 43 -9 23 98 -57 -97 -13 -44 42 87 -45 41 43 -29 98 59 71 24 -4 17 -92 -60 -26 57 -97 85 -16 -32 52 -75 55 -52 -36 89 98 -17 67
-47 -39 0 -34 49 14 89 -23 97 -22 7 53 -59 8 29 88 -68 -77 -31 48 52 28 -89 -69 40 82 37 -80 47 6 92 54 72 42 31 28 -48 44 59 17 40 41 -33 -13 -93 -83 82 -62 76 -74 -45 89 62 74 -84 89 2 44 -27 -71 -1 4 -18 -33 -30 -20 -1 3 -49 -53 -95 45 29 34 -89 55 35 -28 63 16 -58 52 -19 18 52 56 42 84 -82 63 67 -23 -73 -4 -62 27 8 -83 33 67
-18 36 73 -10 -75 84 72 -34 41 36 56 -88 -21 -65 -23 8 -96 -69 -49 -97 -87 80 -51 -41 -55 25 28 39 98 56 -8 -72 -52 -99 91 11 -79 -64 -20 -6 -92 3 -71 -48 96 -30 16 -97 98 48 95 -56 -54 -28 -42 40 -87 -32 -33 82 -19 -22 -74 28 -31 -76 -47 92 -62 88 39 -52 -89 -69 -54 9 -94 -82 0 -52 -81 70 -34 -47 -65 -12 -56 72 98 92 -44 -34 -1 9 -35 55 -73 -7 84 49
57 -39 49 -35 19 -51 -46 -61 -85 72 91 48 -94 3 -74 -24 -40 -13 18 78 95 88 -72 48 65 79 -68 57 -79 12 -6 -18 -67 -2 47 91 48 -32 -7 81 4 1 -69 -13 90 -25 48 -59 92 58 38 38 69 -86 -86 90 -7 -78 -67 8 -65 27 -57 -52 40 -9 59 -35 -51 -9 0 80 40 -25 53 -77 -66 -84 94 57 28 89 82 51 18 -63 59 -92 63 88 -95 32 -6 12 94 -8 5 78 4 85
4 -29 -39 25 10 98 81 7 95 -19 -75 45 31 -54 -86 -56 21 -71 -80 -92 97 12 -3 93 8 -62 -47 64 -87 -63 94 -82 82 -40 -77 69 -50 48 71 34 24 -88 60 -86 51 62 -80 91 -8 47 -71 -36 69 -17 3 -32 -36 -71 80 -30 -17 -19 -66 66 49 -16 44 -60 76 -28 -21 -87 -33 -80 -84 96 -88 34 18 71 2 -99 33 -40 -93 0 -18 -97 33 99 86 41 52 -35 58 -12 -55 70 15 -41
25 -60 -76 -8 -69 -51 15 -61 -30 -87 -71 -4 15 73 32 -13 5 88 6 -54 -36 -35 92 -26 39 -11 -52 -67 -27 -59 -92 -46 -29 -70 -1 -10 38 17 43 -51 -91 -73 -73 59 -14 50 99 16 97 -24 -79 -61 44 -89 -80 10 15 -18 84 -88 -80 69 73 35 52 11 81 -17 -13 -47 62 -7 21 27 98 63 62 70 -75 -28 -27 99 -11 -16 59 88 -13 -84 -89 -9 -39 -24 -14 67 -24 2 16 65 -44 12
-87 -16 -59 85 -97 44 18 51 76 44 -22 57 93 0 -71 -79 -53 -95 -17 85 86 -7 -48 -54 -53 -67 91 48 -67 3 -56 -95 48 -57 -54 0 73 -35 -4 -11 54 -63 -74 -92 67 -51 32 -46 41 46 50 -75 90 -71 84 -60 -18 78 -80 -80 -54 -42 -13 -69 92 -4 31 35 -53 8 -6 -22 -56 26 -33 -94 30 65 -73 -15 -24 66 -32 -34 55 5 -72 -91 26 -32 14 -73 10 -65 0 -78 -56 -91 -91 -23
-60 3 72 -30 -93 96 41 11 72 -28 -7 55 94 -38 -48 -28 76 -45 98 83 -26 96 -49 -54 28 -18 -88 66 96 26 -14 -76 99 6 47 36 -50 -17 -21 -34 43 58 -6 88 -33 -85 -43 75 -14 14 -66 68 -77 -43 -56 10 -47 61 -39 -27 63 -94 8 -54 -67 -4 -71 59 -99 83 46 44 36 47 76 87 83 57 -53 -2 -34 7 28 88 -63 -66 6 -60 -47 -29 61 86 48 -60 -37 -52 34 48 -56 35
10 1 22 -58 -90 -45 9 33 12 -73 -28 19 -30 -40 -25 35 -73 -68 -70 3 30 88 -15 -69 47 -1 -47 22 -87 47 37 56 -9 83 -77 36 82 60 36 -77 -85 32 48 -58 -67 -87 -70 -5 32 55 30 79 42 -93 12 73 28 22 72 92 -89 23 31 46 -2 81 83 -58 81 -6 12 -44 -26 2 -63 98 48 26 -97 47 -57 -61 23 67 98 -80 -54 88 -78 -34 -13 75 58 70 -85 87 -70 -23 -79 84
69 19 73 -76 19 96 -77 -61 72 -36 -84 50 6 -34 -52 4 18 -75 65 44 -23 -70 -22 17 35 53 33 -11 -97 -23 76 30 -97 -65 73 7 -54 2 8 -39 -69 27 25 -82 -83 18 86 -72 -4 -93 93 39 55 -50 -28 -90 48 86 9 43 74 3 99 -15 97 -11 -89 79 -53 -36 22 23 -71 -2 -43 -35 79 -27 -11 29 77 51 99 -85 30 31 7 16 48 -62 51 -8 -99 -24 -69 -15 7 1 -33 71
-91 -68 11 1 73 -74 -18 91 -56 -42 19 61 -38 -20 -12 8 44 10 -41 2 -59 -85 55 -17 20 18 99 62 10 -97 87 85 66 -46 9 -76 -92 -81 -38 -72 -65 5 40 -90 -8 -52 -11 85 -65 -7 -85 -45 82 85 0 -65 -24 78 81 19 38 -87 -72 -25 55 97 9 -73 -96 -53 -30 -23 -83 34 46 -37 10 87 56 96 59 16 77 -41 -77 31 1 -41 -30 -79 53 -72 70 7 39 -43 24 -11 -82 -42
26 84 -13 24 26 22 -3 -63 21 5 -3 -44 6 -67 52 -43 75 -94 -88 -42 66 -74 -91 87 -71 81 -3 81 3 -79 -99 -18 -66 -94 -43 -34 18 89 19 -27 -63 -76 41 -24 -75 -23 -73 89 98 -63 -35 -49 99 56 83 46 -74 97 -69 -51 -75 36 48 -21 -93 -66 -36 -54 98 -36 34 -44 -61 15 41 -28 34 -8 -21 93 -71 87 50 79 -32 -65 -93 66 -24 -34 10 99 -82 92 -96 -86 -89 -48 19 3
-71 23 27 -51 -88 -91 -12 -51 94 -25 27 -88 -40 52 -91 45 72 -57 -71 -19 -81 32 -83 -34 -20 90 -35 -12 3 -30 93 57 30 -89 -1 -81 -3 44 7 41 -84 -12 0 -48 14 98 -39 -91 -9 -54 -2 -64 -35 24 32 5 13 30 -45 82 75 -97 53 -44 -73 -96 -54 -70 -18 -20 -31 -54 -63 -35 8 -36 92 -28 -27 -89 11 83 -90 82 18 52 -27 -40 68 -42 -77 35 -4 -31 -75 16 52 98 60 65
-52 53 68 -51 36 87 65 84 57 -4 94 18 -88 -17 17 -1 36 -63 86 -37 79 -49 -85 -2 8 29 14 -25 -45 -45 93 88 71 3 -4 -30 -86 -96 -49 27 -35 73 -27 -63 56 -12 14 96 22 84 19 -29 60 77 1 1 -52 -78 -37 -33 -36 -38 57 82 4 -48 -29 4 -43 16 -7 26 -57 43 93 5 49 -8 75 92 70 48 90 36 94 -37 -55 86 9 6 39 84 -16 -28 -17 -22 94 44 -16 97
18 9 73 88 76 34 77 -95 0 -17 33 -15 71 65 -99 -1 -96 -13 16 48 30 -58 51 14 -78 86 53 -7 97 70 -90 -85 0 6 -80 67 -47 -13 4 63 69 -3 -30 -5 12 -44 14 -25 -96 11 37 0 36 14 -6 -99 44 -27 -90 89 -12 62 56 -4 -22 96 -13 -41 15 17 71 58 65 -93 43 85 -6 20 -52 -74 51 -21 40 -74 -16 5 60 63 -56 -66 74 53 31 35 -2 6 -26 22 -73 1
-95 -90 6 48 -18 43 -87 -75 43 -97 95 48 -43 64 19 -67 76 -29 -77 -80 59 93 -63 63 -28 37 -81 36 77 -81 42 63 22 -36 4 92 47 93 -47 56 -13 -45 -21 13 83 24 -4 -20 -26 -31 -45 -76 -91 12 -36 -2 -70 82 -59 68 47 -59 -19 -49 -32 53 -6 11 -73 -27 -1 95 -19 2 58 84 24 78 47 58 34 49 61 -13 -86 -83 -7 -35 -24 14 7 -98 -76 -78 -39 60 11 -12 -28 30
-81 74 -99 96 58 49 50 76 -45 87 69 16 11 48 38 40 -41 21 4 75 56 -20 -72 35 -90 76 54 90 92 40 69 84 61 98 38 35 -50 -4 97 -13 5 14 -85 -41 64 -75 -25 60 -73 -72 9 -52 77 65 -13 -37 13 66 87 54 -93 -17 -73 10 -71 -24 -22 73 99 -79 24 24 -14 93 0 34 -9 13 -7 95 -79 -23 28 45 95 -13 43 59 -47 -9 -81 18 77 98 -83 28 6 26 62 -4
-16 -78 -7 92 -84 21 90 -74 59 -61 8 -8 -78 -27 -45 -88 -60 -40 -27 -64 12 -4 -23 70 -22 -21 -61 -95 16 -48 81 -41 -66 -75 -46 -67 92 -23 95 91 5 43 -38 53 52 51 91 -23 -84 -74 78 38 97 24 -47 -98 76 -12 45 -8 -67 -74 82 5 44 74 -67 16 -40 -69 -96 89 33 -14 -67 -53 90 56 98 59 -14 0 -59 -47 74 -98 28 -13 -22 -23 7 58 64 -35 51 49 -95 3 -44 -52
-18 -57 19 -98 47 -87 -32 68 -13 13 81 95 99 -23 -56 65 12 41 56 75 6 40 -80 -82 59 51 3 -17 -84 -66 -96 -59 31 -19 70 -83 -91 68 -82 -77 -60 27 15 -68 -10 -9 60 98 -73 -37 -35 68 -20 -51 53 -7 95 -56 0 33 35 -55 -57 53 -26 -3 89 -6 -28 72 82 29 -62 -93 -77 -19 -2 -9 52 -94 98 -63 3 4 63 31 -29 42 -19 96 98 25 69 94 0 -10 57 42 88 68
83 0 1 -34 97 -62 9 0 -1 -96 23 -38 98 -54 -66 53 -21 -66 -21 94 37 70 26 0 49 13 13 -43 5 -61 -67 -89 -96 17 76 -40 -30 64 -39 20 83 81 -29 73 -40 54 -34 82 9 -87 -9 -50 59 -60 89 -59 -47 61 57 52 -60 99 73 -18 -31 -80 25 96 74 -69 -48 74 -64 -79 65 -64 14 43 15 -87 -52 -95 30 72 12 -58 39 64 -18 -47 76 74 39 -73 -95 5 90 24 44 56
-12 -4 35 -57 -17 -13 66 -63 -82 8 -7 -73 -69 -11 -37 -98 -65 64 -36 54 -93 28 -61 25 -27 40 32 42 3 -12 0 -5 -39 -83 -50 -40 22 -31 61 0 -72 -74 -57 23 -21 -57 5 20 82 -17 13 75 -94 -26 -56 45 28 -28 45 -97 96 -55 2 -31 32 97 -46 37 -53 2 44 -83 18 18 -70 38 51 52 5 21 62 -8 -93 -87 -73 47 91 -25 -25 18 38 -81 57 85 94 -49 63 13 -41 -67
-91 97 54 5 -27 40 71 -62 -97 64 -1 27 50 -41 8 72 -62 53 97 77 -55 7 -40 -55 70 87 85 10 67 80 -25 -12 -3 58 -57 81 -18 25 -95 4 -50 -16 -75 -55 66 9 -2 -85 -13 -75 41 91 46 -70 54 23 -57 -43 -24 62 -80 47 -65 13 -28 26 84 -11 -30 -10 -96 -61 -55 -10 -45 8 29 -94 -7 94 4 90 35 35 -62 36 -6 26 38 67 -28 3 -42 32 33 -15 -54 90 40 85
-89 62 78 -74 82 -60 9 36 -78 -29 -13 77 85 75 -36 14 -54 39 -79 33 68 -52 39 34 -57 -2 74 93 -90 69 95 84 82 -41 4 -70 -55 46 76 53 58 78 96 63 84 -85 -84 -84 -66 19 70 -83 -26 -94 8 72 85 23 85 -58 50 9 -22 -97 8 -92 92 -36 75 -28 -90 9 31 96 44 90 71 71 16 -24 14 94 -82 21 92 39 6 74 31 -61 3 5 24 15 -3 -66 -22 48 -7 -94
-13 -58 80 -2 -24 89 97 -90 -75 59 -90 65 99 -79 1 99 49 -34 -32 2 44 -84 -24 15 -64 28 78 -49 54 53 -72 -18 -35 36 61 -87 46 -51 87 82 17 0 -30 58 -75 -7 -16 -3 7 16 -20 -37 -31 58 -34 11 73 83 -16 42 -19 -98 -35 76 99 3 89 96 -96 95 40 0 47 80 -65 -38 -10 -32 67 -2 -92 -2 65 44 72 -23 17 -67 -36 96 -79 -74 -86 14 -96 7 -40 -40 72 -72
-1 73 14 -30 4 -7 -16 30 -37 91 -57 -67 90 -68 -16 55 23 37 -48 6 69 64 -63 61 4 47 -22 0 -50 -24 75 -6 -76 50 28 86 -56 -24 30 -14 -79 13 -31 -93 77 12 82 -75 -58 -9 5 47 -64 32 22 45 89 89 -94 47 15 82 -54 -64 12 -51 -7 -88 -7 -17 30 -43 -25 -1 52 -94 -40 -46 -91 -74 32 -30 12 -92 -93 71 67 -8 -32 8 77 81 -52 46 49 -26 35 -73 -51 82
85 -65 -77 19 -34 99 -71 -89 15 10 69 66 -56 -45 45 -35 -45 -92 39 -50 77 -92 12 79 -14 -41 -75 9 80 3 91 81 52 -76 92 -68 -33 55 -19 2 -67 -29 -18 -40 -49 58 -89 -39 62 -44 45 -80 -88 65 -22 83 -83 -76 -74 -65 68 -34 61 23 18 79 98 -85 11 93 -6 -30 90 -68 -80 -54 58 26 -48 52 -13 51 -78 -98 62 44 -56 68 22 -88 -88 74 -35 37 -29 50 66 -7 -59 -19
50 -39 45 -51 -11 3 2 16 -95 18 -77 32 59 4 -9 -66 61 84 61 -47 -30 -51 -59 -5 48 -50 -51 -45 -45 22 66 -12 -33 -91 88 40 -32 -30 5 3 -82 -66 40 17 -45 48 -36 16 93 -56 1 -92 -89 52 69 -56 41 45 80 -89 56 35 21 10 84 77 4 62 29 -11 28 67 -47 17 45 -66 46 -35 -33 70 60 31 12 20 -93 -13 -43 80 -11 7 -86 -14 -38 -63 23 -49 -63 13 -30 79
-61 36 -96 -86 -3 42 -91 91 -48 -8 -31 88 83 -96 54 83 59 -76 -35 71 31 -76 -37 -60 -82 24 77 -29 78 4 -40 -95 83 23 23 -78 11 -90 83 -73 -60 26 98 50 37 -42 75 -36 -41 -19 -80 53 9 -37 56 97 -71 -3 25 -61 92 49 -87 -56 -12 17 -58 -42 -51 21 34 -94 -42 -97 -13 -17 18 47 40 -70 59 43 88 -9 -5 -5 93 -23 85 -99 59 33 74 12 -85 36 -5 38 0 61
-52 67 -15 -79 -48 36 -41 78 -11 29 -38 -95 -15 71 86 24 37 -25 -37 -26 -93 75 -86 -23 69 24 -83 -93 -65 -66 7 -60 -88 71 -99 -50 24 5 -63 79 57 46 95 57 92 92 -7 -46 -35 -85 -70 -41 -1 48 -1 53 -89 -44 -44 10 61 -32 11 -59 52 63 32 -63 -24 51 -55 -36 99 53 42 -75 27 -82 74 -73 63 49 56 27 -90 98 -66 -58 12 34 30 64 -30 -63 -51 38 87 97 -27 1
35 -40 58 -63 96 59 21 62 54 -91 22 -27 -5 9 60 42 -13 44 30 -10 -17 24 -56 -43 64 -91 -46 69 -97 83 50 -1 -33 40 59 42 -18 78 80 72 93 36 41 93 -86 51 9 55 -81 -50 -59 61 86 -25 93 -95 -74 22 -82 -32 90 -77 -40 -34 14 -24 45 56 76 76 24 -99 -4 -98 -90 -73 -48 76 -88 75 4 -31 -50 66 65 8 53 -64 -1 74 51 -48 17 -32 19 -97 2 -67 87 -35
-15 -69 -45 -7 -75 -9 81 -83 -74 79 -5 -11 91 -56 -2 -86 39 67 52 78 -33 92 58 1 -11 -39 -25 -45 -22 74 -40 -8 -55 29 -32 -55 52 45 -14 -3 82 99 -11 76 85 87 -23 95 -5 -62 17 90 52 -85 -74 10 -48 99 53 39 69 -75 80 -1 -77 -53 91 29 -42 -94 -40 -84 -10 95 -1 83 -5 -87 -17 56 -2 -9 -37 -30 -16 14 -20 -55 -89 36 -15 -18 -11 -96 76 -99 45 13 68 50
93 -85 37 40 -57 -49 -97 -51 -3 87 98 -64 7 14 82 80 56 -42 -98 22 2 62 -25 81 78 -59 33 75 92 -45 70 38 33 59 -81 -30 20 -67 -45 -24 61 81 21 48 35 -71 22 48 -66 43 20 51 22 40 7 70 -79 70 23 74 -86 -97 -55 19 15 24 -22 35 -90 18 -44 -5 -6 -21 79 -84 18 -36 67 -22 72 -69 31 -48 47 -36 -74 -51 -63 80 65 84 -48 79 -7 -51 -39 43 -42 -64
-13 -23 98 36 65 -94 15 -56 20 13 74 -70 78 73 59 89 51 -75 -52 -93 -54 -48 -43 -2 -93 4 -23 -19 59 41 -93 -42 2 -45 -41 86 56 -69 -78 54 -29 -44 22 -82 -38 -33 -45 -56 97 52 46 -44 -1 -10 -73 -1 -19 38 50 58 20 50 -22 98 -32 59 -22 -89 -85 -23 33 -54 18 -96 84 -54 -8 -90 -70 -14 -87 33 6 12 -55 60 92 75 -58 39 9 -48 -3 -28 44 -8 64 -14 54 60
1 14 28 -30 -26 91 -46 74 47 -48 -58 45 89 66 -48 -1 -67 -58 -10 77 -70 57 -38 -18 90 92 22 -29 -53 54 -62 -98 39 53 77 63 32 22 -99 -20 42 -46 51 -78 -76 91 -78 1 -99 -66 -75 14 80 -2 -15 75 24 58 -46 -42 52 -8 56 83 8 -65 81 -10 72 -47 77 -14 -60 26 -9 -29 29 -95 49 -7 63 15 43 63 16 -22 67 29 -70 -87 9 -64 58 -1 76 62 -84 -14 21 -15
-48 7 71 2 -4 -90 -44 40 -44 -10 -54 35 -78 -86 67 -90 43 -29 -28 33 44 -34 57 87 -27 77 -23 63 -62 -7 -9 -56 67 -43 -40 -65 52 10 -59 -58 80 17 -18 20 -43 -34 -71 -26 -69 50 -9 49 95 -24 -4 59 35 -88 87 98 -41 -52 96 40 30 -25 -41 14 82 27 -28 -19 -80 13 82 41 12 -71 -37 68 25 -59 -63 39 90 62 -96 -34 19 -25 70 36 -12 -22 -67 -51 -62 98 -62 42
-15 5 -25 -90 -41 -54 -14 1 3 52 -94 -46 -74 -15 3 95 -54 -43 -97 -64 -31 -80 48 -95 4 -59 8 99 87 47 38 -10 34 36 -4 4 15 -37 -40 99 -51 -14 -41 11 -73 87 -69 75 89 -37 77 60 13 -48 -37 -92 50 48 21 32 -66 -89 -4 98 71 -87 -10 -74 86 53 49 -79 -72 39 8 3 -17 -57 -2 -11 72 85 -39 -68 81 55 89 90 70 3 87 8 -93 -49 32 -55 -3 -60 33 50
0 75 -77 14 -16 32 50 38 65 8 4 -18 -25 80 -6 -73 -26 45 -72 -56 -5 -64 78 26 97 40 5 -58 -38 58 88 -44 -78 7 53 88 92 52 -25 19 12 34 -91 -70 -93 99 -85 -15 -44 87 4 68 -15 87 -20 66 13 42 24 -54 -17 55 7 -27 11 93 -27 -59 -30 52 -6 95 91 37 2 88 43 -97 -75 -23 18 -22 62 -96 35 -65 -78 12 49 -91 51 -86 -81 12 -78 42 -81 18 -41 -24
27 46 47 75 74 69 -8 11 6 13 45 -63 70 96 66 87 65 -50 3 -39 -42 16 -66 93 42 5 54 99 4 79 -81 -21 -7 -38 -51 24 -34 47 -32 63 -34 -3 -38 75 62 -6 16 -14 70 -7 43 28 22 28 30 -73 -59 59 -50 15 7 9 22 82 -49 -64 -15 35 9 -98 32 48 62 56 -34 45 -45 58 -94 -77 -53 -15 -81 88 -21 -25 -41 53 -92 90 -68 11 28 71 -72 39 -38 18 -89 79
68 14 -70 -23 29 -88 -18 78 58 92 68 -22 -75 -91 16 -28 -44 -98 71 42 -38 -96 86 -81 59 -58 46 72 -59 -4 35 -62 -62 25 -93 60 11 60 -71 46 71 1 14 -76 44 52 -73 -63 -32 -71 74 89 71 -92 -2 62 41 -24 -36 0 -28 72 -1 -92 23 6 41 -21 -17 -29 22 46 -42 -14 22 -6 -2 -46 3 0 21 -62 34 91 25 -33 72 53 -78 49 -75 62 -82 -34 -88 69 -62 52 61 -17
89 31 12 50 40 -67 82 30 85 97 -1 -78 -41 12 58 47 85 -39 -1 4 45 -42 43 -44 13 -9 16 -49 52 64 -55 -50 -29 -17 7 36 74 -49 9 -12 -8 -33 -46 -3 78 -89 -14 -6 -1 -7 31 91 80 92 -44 24 -60 55 -89 -32 4 -93 89 -92 -86 -79 -33 52 61 -29 31 62 -68 82 -84 -15 -47 -36 -67 91 -28 10 40 61 3 20 96 -1 -32 61 40 -73 12 -37 -48 -80 70 28 60 -32
2 -30 -56 34 17 -87 94 92 62 90 93 -94 -54 -49 -99 72 30 9 57 -8 37 -3 85 -44 -29 -25 -80 2 -15 96 -32 -96 9 48 26 -17 -3 55 68 31 -83 15 20 -16 6 90 89 -81 -4 91 30 66 -78 88 -45 -56 32 9 -21 -66 6 -7 43 92 37 92 94 28 -67 -73 -33 -92 33 -59 78 92 14 -82 -10 -31 79 19 34 -10 -6 -65 -97 20 -75 -8 90 4 -5 14 -75 79 1 92 15 -59
-90 -90 -81 -22 -15 -76 -53 -36 43 23 51 76 93 -81 -36 -40 80 -67 -76 13 -95 -3 -90 -22 49 -79 -53 36 12 -69 -40 -94 91 85 17 19 -23 82 90 54 -46 -55 -24 58 -99 14 -38 93 -21 89 44 5 -77 -1 98 -68 -24 -90 46 -88 86 -68 3 68 -70 -7 -78 -7 38 19 -55 -62 33 85 5 5 60 92 -70 43 62 88 52 -22 65 23 -28 97 55 -21 54 -36 -95 -47 43 32 92 86 81 -59
-51 -7 88 93 34 16 2 -14 5 -37 -66 -29 32 -65 -78 88 25 13 -67 34 91 24 -56 55 -73 -59 26 76 -87 10 -70 58 -14 23 10 -14 -18 21 -44 -98 31 37 55 20 92 51 53 -89 85 9 51 -42 95 -88 -59 -30 -88 -81 -15 -31 -98 87 48 -94 39 66 28 -89 75 -49 70 37 41 66 -47 2 -75 -87 -42 -2 99 48 36 70 58 19 33 -8 -28 -92 -35 75 -60 -65 42 -22 -54 -42 9 49
-79 -57 2 89 -18 58 -22 45 51 -95 96 -74 64 -40 32 25 57 -64 6 -98 29 99 -89 -65 -51 -32 -14 -66 77 -2 -22 -65 -83 99 99 -93 -32 60 -27 -30 32 31 43 65 64 -71 -31 14 -1 -13 -70 92 -47 -8 -76 -77 -63 -75 87 -29 3 27 64 65 88 26 -72 40 3 -90 -35 -57 -99 -87 45 -97 -63 21 -44 29 6 37 97 46 -66 15 73 24 -88 79 84 -29 -47 -70 59 -78 -31 -59 13 -80
89 -81 -61 40 -9 73 -21 69 43 -49 -91 92 90 82 -48 80 48 -26 -17 60 -44 -83 0 10 -57 -19 57 -92 -48 -10 -16 -77 -35 -89 11 73 70 -57 44 -94 -67 35 -72 -44 -77 -43 -86 -23 17 59 53 66 -31 -75 -64 51 -53 69 52 99 71 76 -56 39 -93 -41 1 -20 47 43 -74 -1 -33 65 33 42 32 -8 34 44 81 -8 92 -86 19 -51 -25 -52 -96 -84 -16 -99 53 -81 -71 -39 71 -54 -79 4
-58 27 37 84 -33 75 50 6 14 -23 68 -24 -57 6 -25 21 -45 61 95 -94 -87 -12 70 -99 -79 -15 17 1 96 48 8 -21 14 7 -20 88 -11 37 -43 54 0 64 21 -54 87 41 -76 -77 98 -36 -45 81 21 -90 74 -27 97 -62 25 -71 97 24 11 13 -22 4 -67 -57 15 -59 47 62 70 -60 14 -5 -78 -91 -60 -42 -74 -51 23 29 -34 -80 -11 -14 87 65 19 -51 22 69 38 -74 90 33 -67 -13
36 -67 -11 -14 57 -41 -6 -94 -95 -2 48 53 61 -73 52 52 -63 -61 -37 -65 47 -15 -28 94 3 -22 68 -45 -2 -74 -36 -6 55 46 -10 94 -1 33 31 -4 -28 -90 -85 9 -63 9 -34 76 -50 82 -62 28 -99 21 -93 -20 58 -40 -21 22 -65 -77 34 -8 23 -19 52 -36 25 59 -25 29 8 39 -23 32 2 -90 -29 89 -75 60 -40 -21 26 -46 -32 -59 -42 24 21 -40 -82 13 -82 -45 -34 -30 -30 36
75 -91 -65 52 -86 -85 -80 53 41 89 -82 11 -69 -51 63 -64 -73 -10 11 42 -76 -85 26 -86 -16 76 23 37 -78 93 -78 78 -70 -1 -25 91 98 43 -33 77 72 92 28 71 68 -82 94 -36 99 30 36 32 -61 96 73 -3 -83 92 -25 44 -95 -84 65 75 99 84 -8 -82 -58 -18 48 -97 -41 -18 -13 80 61 58 -80 -75 60 25 85 37 88 52 -47 91 -58 -62 38 23 7 -20 -34 82 11 -20 -83 45
76 -16 86 8 56 -25 -79 32 -98 -21 -30 -71 37 83 -86 -74 53 49 12 60 -8 2 -16 77 -21 -70 -50 -31 96 -51 -30 -35 -73 -17 -79 87 -25 -98 -25 73 74 21 -20 39 -89 64 -87 -92 -89 -58 40 67 35 60 -92 -68 -26 -22 -15 55 -26 -72 -29 -67 -45 40 -31 -25 -25 -21 61 -6 27 -12 1 71 -65 -73 -56 -60 54 44 -22 -15 54 66 -95 -66 -74 29 -73 10 -61 4 32 -73 68 34 -34 -24
63 57 35 44 -59 9 -5 89 62 -37 37 37 -79 22 40 9 57 97 16 -32 -73 51 -14 46 54 59 92 -80 -91 -23 -49 -52 -37 -62 -30 -2 62 23 -76 20 -23 -30 -62 71 -56 90 49 0 -66 91 -4 -98 -32 -69 65 34 -46 -42 -29 88 -40 -30 -90 -79 -5 -93 -20 75 17 -62 -26 -98 -11 34 53 80 -72 11 92 91 69 45 -45 77 24 -63 80 -18 31 -2 -11 -54 -90 66 93 -72 -66 -70 -61 41
54 -51 14 80 -70 95 -21 -19 51 -6 -24 18 -90 -5 13 -90 92 -95 19 32 -22 -13 94 34 -87 50 -89 0 -34 71 8 -65 20 -6 76 42 72 82 3 -7 -94 39 40 45 -56 -5 -69 -48 -88 11 62 66 -33 63 13 60 90 76 58 30 38 69 -68 -86 72 -82 -72 -52 43 -84 3 -31 99 51 -38 -25 12 1 -27 -72 29 64 31 -65 54 16 59 2 -4 -28 50 49 -70 -78 -16 22 81 -98 65 9
-60 -82 -63 5 29 -12 -27 73 66 42 10 84 62 32 -78 -58 -39 70 -77 -45 30 -35 27 -52 -53 -39 32 44 -73 32 48 -39 -40 -21 -29 8 56 48 -9 12 -32 33 85 -68 -11 10 33 -24 -49 -21 -62 45 1 33 5 -79 38 31 61 82 40 59 80 -60 51 1 -94 84 -13 52 -52 53 79 69 -37 -43 99 -4 -69 -71 -90 32 -52 26 -98 49 71 5 57 -51 32 1 93 31 -81 -43 32 66 20 3
-65 57 -82 -52 96 10 -33 -15 10 -27 33 -75 58 -22 -26 -11 -19 74 -81 74 51 63 79 4 -42 -6 -98 84 27 39 -95 62 -72 75 -64 -57 64 -89 34 -45 97 -15 21 -34 -19 80 -6 -4 3 50 48 -68 -79 0 -15 -93 -58 8 -72 -91 4 -91 72 -48 13 -5 -79 -81 -46 -88 -96 97 -80 -29 -44 -31 -90 11 -7 66 14 9 -76 -3 -63 -85 -39 -40 61 69 -95 -45 19 -34 -12 -53 64 20 86 -18
-58 67 -86 -79 47 55 50 -11 22 1 0 27 -41 11 -26 14 -80 67 41 -37 -97 -70 -75 75 22 -82 85 74 84 20 -84 -85 -77 -93 51 50 8 30 -72 -30 -10 36 -56 25 -53 -42 -25 68 -1 -13 44 -3 -18 -92 19 77 -33 -51 2 -38 14 57 -93 80 -9 -82 -54 -91 -27 -34 75 52 -80 -95 -97 9 -44 -79 11 85 -32 -75 3 -17 96 -20 34 -23 -18 31 12 19 87 -25 91 -41 1 -91 88 -54
-96 -93 45 25 93 -42 -14 -5 93 91 3 85 -31 21 -81 -94 67 -4 -69 -4 9 -38 -6 18 66 -35 32 25 37 -65 -96 13 32 72 -74 -19 45 34 -62 -20 -9 -65 -68 -12 57 87 82 -37 32 -2 23 -29 -33 94 41 35 -23 49 79 55 51 63 -44 11 19 -37 -3 -21 76 -50 7 -27 -56 -47 -9 81 2 67 11 -54 -62 43 5 -86 29 -28 16 38 6 -77 -85 -94 -61 64 -96 94 2 -27 73 -99
-95 54 -58 85 86 -40 43 -72 -38 72 83 81 -70 28 -5 33 96 98 3 -46 -39 -25 41 9 19 69 70 20 -33 -67 -32 68 94 -9 31 -11 -94 5 43 57 -63 -77 -91 9 1 -11 -14 -44 93 -13 33 11 33 63 11 50 -2 43 60 -64 16 52 -34 -77 50 62 -27 -75 -26 75 -8 -33 -5 -60 71 60 -92 59 1 -78 -96 86 -42 -69 -50 8 66 61 -90 -39 16 -23 46 93 -53 25 58 -84 -65 18
80 94 -58 30 21 -16 -31 -27 -21 -50 74 47 -13 -11 -8 47 17 24 -28 -89 -3 -70 -18 24 -29 64 31 -74 36 65 -39 -68 -77 94 -11 82 -16 -33 -44 68 -50 82 -95 -82 87 85 28 -80 50 62 69 62 -59 -81 95 98 -37 41 70 -63 -88 37 -5 -14 97 -45 -19 78 99 -32 71 -16 0 -51 -87 17 -4 62 85 -87 -71 69 -78 21 -92 -96 84 89 -75 -56 -97 -65 79 10 53 -13 -41 -47 31 -69
90 95 -28 87 96 -93 82 25 51 -7 20 -52 58 -4 50 -89 69 -35 95 14 29 87 93 -26 96 -48 75 -32 -36 -75 -35 0 19 66 -54 42 -55 -4 4 42 -75 50 -72 -41 75 13 32 -76 -51 76 -94 -16 -34 71 84 56 96 33 -59 60 -24 -73 2 -69 3 -89 -97 88 14 84 -25 -42 78 86 65 -68 -60 29 28 -62 -57 -48 -45 42 -64 88 11 90 -69 -1 -12 17 -15 -24 -64 -21 58 26 10 -59
66 -21 49 69 57 -12 -62 -49 23 -84 32 -27 55 -49 -74 41 38 -83 8 34 -13 67 78 -80 13 77 -94 94 -93 -9 82 88 60 57 15 -47 -2 3 -24 96 -81 11 1 36 -5 -35 -1 54 -83 33 -9 -74 70 -51 17 -8 -17 88 29 -44 -50 97 -46 27 -32 -77 72 -75 -52 98 86 -86 -14 96 -96 -49 89 31 46 -95 -56 -48 -28 62 34 -56 33 -15 49 8 -34 7 -80 -99 -1 -84 87 -27 95 71
7 -7 -95 -7 -63 97 57 40 -27 -7 96 72 59 -97 -65 -67 12 61 -66 77 -87 -22 -18 -83 -16 -6 -83 -21 70 -75 87 64 -86 -43 -26 40 -30 -73 -49 90 90 -66 54 61 -50 -68 -67 -26 64 -61 73 33 -32 -48 -50 75 87 -49 -41 -19 -79 -55 62 -53 -35 65 -66 -83 20 25 -97 10 -51 -27 41 -21 10 56 -9 24 -36 48 49 -61 92 76 -61 92 47 1 70 -61 -53 91 -65 -84 81 -87 -26 -1
-33 88 77 -2 13 -41 -6 91 39 5 -2 42 -72 73 63 24 -89 -38 21 1 -47 -47 63 3 53 5 91 -90 -93 46 17 36 87 -2 40 54 -27 65 35 23 56 -33 -85 -13 -2 -54 -63 -81 47 4 25 -70 0 51 70 14 67 -10 -37 66 33 19 -3 -80 -64 18 55 -13 66 -67 -38 97 -73 42 -37 -35 -79 -57 -32 -89 -20 -89 92 33 21 24 -45 -72 -15 -5 56 -54 -68 75 30 48 19 -31 44 -57
59 -99 56 -92 -74 -16 -5 -16 68 8 -34 95 -4 -55 -48 66 -31 -41 93 28 -48 -34 -68 77 58 -28 16 46 26 58 80 69 74 12 -8 76 77 15 22 81 -62 -3 -94 65 -96 77 -92 -23 34 -85 73 -37 -52 31 14 61 78 -22 63 -44 66 65 -90 -52 -21 -11 67 -19 20 -43 -32 65 90 6 -94 -68 32 55 -91 -37 49 -56 -95 8 -3 16 -69 73 98 -66 50 57 -96 -40 8 -34 48 -40 -58 -77
-46 -3 29 -13 -46 -2 85 -88 38 -26 59 -68 -34 87 32 -4 -24 49 41 -49 74 -40 -79 -39 -47 -61 -78 86 56 52 -72 -30 -71 -29 -71 -90 78 31 -40 6 87 -89 -44 39 75 -76 -67 -39 0 -43 20 -63 76 -26 -92 57 -76 41 -59 -73 -55 98 49 87 -25 -36 91 -73 57 0 64 -15 -48 -7 57 -51 -90 -29 73 -21 59 92 -57 59 -24 -91 72 72 19 -4 83 52 -1 -4 -72 88 58 -51 35 -65
-68 -91 -37 -80 8 -58 -84 -31 98 74 -46 -26 -83 -83 -91 -44 30 -35 -99 -66 41 -86 83 62 88 60 56 -27 -62 22 -51 -8 62 88 -35 -30 50 53 4 -52 -68 -13 -29 -35 11 20 -92 -70 5 52 -98 -89 74 -36 -1 17 97 -44 -72 -36 -67 -3 -5 88 -23 -38 -10 51 -7 65 -31 77 90 -56 -43 -96 -41 -22 -54 11 -88 65 -19 28 98 -81 2 -82 84 -20 -8 -13 -82 58 -23 -52 -14 -40 -17 -80
-60 -17 90 -72 83 30 -59 69 -18 -60 83 -56 36 84 -93 34 51 -70 85 46 -24 10 97 -32 78 33 -4 -51 -39 70 -83 39 -52 -67 81 47 -11 81 79 -21 -22 -89 -7 -75 24 5 -47 89 82 4 22 -27 89 62 96 70 25 54 2 -63 -18 -70 -96 -66 17 35 -37 21 33 47 -38 29 89 54 32 -47 81 63 95 18 66 -58 55 9 86 71 67 32 93 48 2 -75 -52 85 90 36 86 40 7 -81
55 -83 17 -42 -36 96 31 -37 8 -21 39 30 76 -11 25 28 66 82 47 58 -31 28 80 4 96 -31 23 98 64 -44 67 -26 -87 -19 -97 -35 49 1 -84 -99 -67 60 -49 82 42 15 -47 34 25 99 62 11 1 -64 98 47 -7 -16 59 -26 33 55 -26 -4 -32 47 -82 81 -31 10 -27 -50 79 -21 -62 -45 -33 -66 71 36 -53 -78 -95 45 5 -18 -96 0 69 -60 -17 99 56 6 73 53 -77 27 37 -69
-16 44 -65 24 87 82 84 -20 -79 -98 -81 -67 50 -43 -67 -60 -8 86 -71 -6 -14 55 31 -53 -46 26 -24 -74 78 14 32 64 17 -40 -26 22 3 -11 11 -37 44 -31 -14 -11 -54 70 82 -43 25 68 12 25 -28 86 -70 79 -51 -89 -90 72 -60 81 89 -46 -62 -94 -57 7 -22 -82 -70 -33 96 90 -50 -98 -21 67 69 -58 -39 2 -30 97 -40 68 45 -67 -10 91 65 -13 -54 -29 -33 -42 -75 -59 -24 84
22 31 -65 -68 -76 48 84 91 -55 96 -36 67 53 -23 2 1 85 -90 -45 -12 -75 -36 43 -72 -95 62 -88 42 62 -96 -5 74 -19 33 18 -70 -82 -61 42 -93 18 33 -80 -9 45 59 33 55 -82 72 82 -49 -67 73 -62 97 68 -9 42 2 -51 9 -45 -94 43 7 -43 -22 -5 -59 26 73 -89 10 -42 24 -59 -26 -22 -22 -57 94 -21 1 -10 90 88 -64 -35 77 42 -55 57 66 25 2 -96 -28 -51 -42
80 -5 -53 -30 -25 -96 -61 -44 -46 62 51 -35 41 55 -18 55 -67 91 22 -7 -87 21 38 79 90 66 -69 -49 -8 33 68 -59 -17 98 90 -41 -1 19 -37 95 -16 -62 14 -22 82 42 68 50 -4 2 29 -81 -82 71 -62 -67 -64 -34 18 39 34 0 24 2 -76 17 95 2 -59 -23 14 -87 -32 -59 93 -41 55 -9 -61 -5 -51 60 92 -37 -57 -24 7 -76 -49 -71 -16 -31 -29 -15 3 26 62 74 -70 89
-15 49 -5 -39 -24 -72 91 90 3 -68 -57 7 27 -16 -34 -15 40 24 -20 -67 63 4 -28 47 -96 -54 52 57 -99 -45 -23 13 -44 -62 -5 -94 -22 70 -61 -20 -50 -70 -6 -84 -32 -59 -70 23 -17 48 -94 9 61 12 91 -58 91 -51 -9 41 -67 -15 56 -20 53 -91 42 -18 -92 63 -55 -78 79 -49 84 -69 -7 69 -12 -27 74 22 1 -87 -38 -61 40 -47 46 24 -28 -80 10 27 27 -83 17 -13 41 -63
-2 -33 -16 21 -78 -82 -41 -89 56 8 -63 49 -4 -90 53 75 74 -77 25 -52 -13 73 74 -41 -67 15 54 -82 -49 70 49 17 -28 -97 42 -35 -40 -54 -30 -46 10 48 -33 -52 -81 -85 62 66 -18 67 -55 0 17 -96 48 -21 23 -5 -28 77 2 11 -99 -65 -75 50 25 91 -2 -30 -85 -47 30 6 -79 17 97 24 -26 -89 -47 -27 -91 95 41 32 -81 -84 -50 22 -90 8 93 29 44 -36 -28 -97 -33 -55
-66 -37 59 -96 76 64 49 -2 4 22 50 -45 -25 9 54 -88 -50 24 -99 -7 31 58 27 -73 -11 97 34 86 98 82 64 -47 8 81 -68 88 6 -94 -68 25 85 81 66 72 -58 -63 -55 79 -46 -10 -44 78 43 -8 -51 -22 93 -29 -20 -15 -70 -67 -25 7 6 -3 95 93 89 -97 -62 -23 -88 -71 1 -56 -99 -67 -99 62 55 25 82 73 -72 -59 3 28 -99 -68 -15 -66 1 -77 38 96 -42 -48 -51 -1
64 31 6 67 89 -48 51 90 22 -39 8 64 41 25 78 -54 -22 96 7 40 59 92 -12 7 67 44 22 -30 -52 -85 39 31 40 -95 -42 47 -78 77 24 -24 4 7 -61 65 -57 95 -8 -6 -1 54 28 -44 -95 11 22 -94 -40 -60 -40 -77 -83 -24 12 75 -64 39 6 21 -78 -38 65 49 46 57 -9 68 -74 79 -14 72 -82 38 72 -75 95 84 -57 -98 63 41 -7 24 14 85 17 -97 -48 -42 -81 -12
15 -13 64 -29 74 37 -60 -73 -21 -94 -6 71 -85 -43 84 98 -58 35 36 -25 75 -47 -33 34 -52 53 24 78 -5 -92 -91 91 -73 -19 17 -69 21 50 -22 83 -19 -39 -86 68 -58 -88 0 -65 15 -64 49 39 11 22 -24 45 -50 80 73 -74 -53 -31 -7 62 27 27 13 25 -56 3 86 85 86 -55 -2 30 53 59 36 -83 -37 -8 42 -64 -60 18 -78 -5 -5 -13 82 49 94 -71 -68 73 -10 -23 46 42
-92 -45 2 -49 -70 64 -89 -10 47 -90 -37 -53 57 94 -37 89 -7 36 17 19 47 -14 -58 97 -62 -23 -40 -98 87 -38 11 -77 7 -77 -42 40 -87 55 -2 -23 94 -32 -38 16 -58 -33 6 -25 -37 60 29 2 -11 2 -88 39 14 -7 -38 7 -63 -20 81 -81 -6 78 4 -58 -40 1 67 -61 -44 -69 -70 18 79 51 -26 64 -31 7 -83 -10 -63 -89 -8 -32 73 4 -11 -26 40 -47 74 98 68 -89 -4 88
62 63 4 -28 -33 41 78 68 -14 45 -3 -18 65 -43 21 -84 42 -25 -52 68 91 57 -10 -84 98 -45 -3 4 -85 -45 92 56 -85 -74 -91 -12 28 40 -84 -87 34 29 -53 -80 87 27 -63 83 46 23 -93 -68 76 58 47 -6 22 -19 -7 -44 95 18 73 48 24 -96 -12 -76 -31 24 -25 87 49 -33 -16 -4 -52 -49 76 -92 -98 65 -60 -35 94 50 -95 65 33 -45 -67 -16 3 90 85 -99 -71 63 -94 -4
-9 75 42 -59 -99 -43 -79 99 40 -42 -3 -21 22 -1 -92 72 -82 28 23 -95 11 66 11 -25 -65 50 23 89 -35 16 66 21 32 -47 47 -50 73 94 93 53 -21 94 -53 68 95 -68 -11 55 -89 80 -23 -21 86 -97 -11 -29 -8 -2 42 15 -68 35 85 19 -81 -83 38 -52 -74 -51 92 63 18 43 1 67 87 79 -51 48 93 -56 -91 97 -11 -32 23 61 41 -43 -37 34 -21 23 10 19 77 -83 -61 -78
-91 -12 -57 -59 -53 48 72 84 70 -76 70 14 -92 88 -60 -26 59 34 -56 -66 45 -23 -87 89 -94 -46 75 79 64 21 41 57 -31 -48 -65 -59 12 84 22 90 -88 46 -28 40 -46 92 -98 89 27 30 -9 55 -75 68 -38 62 -93 -68 -1 65 6 -93 -44 -25 86 78 -63 73 48 42 -32 -65 -42 66 80 27 98 49 91 1 -65 -32 -40 40 39 81 -97 7 -84 63 -23 24 4 33 46 -96 38 91 -52 48
