10 10
-22 -40 72 91 1 -53 60 55 -55 -80
-34 -77 77 80 5 6 -67 -39 19 -16
-69 42 9 0 -89 -4 -57 -17 37 29
-57 94 -47 7 71 14 -38 26 69 -7
47 6 18 50 10 61 26 -96 54 -57
-86 36 30 -1 51 13 -88 85 -24 -13
-40 15 -84 13 73 -84 -71 91 81 -54
-52 58 35 -15 -41 17 84 28 5 40
60 37 -95 27 48 -72 -82 -96 -58 20
-23 -75 54 69 -13 52 -85 77 2 -41
10 10
-22 -40 72 91 1 -53 60 55 -55 -80
-34 -77 77 80 5 6 -67 -39 19 -16
-69 42 9 0 -89 -4 -57 -17 37 29
-57 94 -47 7 71 14 -38 26 69 -7
47 6 18 50 10 61 26 -96 54 -57
-86 36 30 -1 51 13 -88 85 -24 -13
-40 15 -84 13 73 -84 -71 91 81 -54
-52 58 35 -15 -41 17 84 28 5 40
60 37 -95 27 48 -72 -82 -96 -58 20
-23 -75 54 69 -13 52 -85 77 2 -41
10 10
-22 -40 72 91 1 -53 60 55 -55 -80
-34 -77 77 80 5 6 -67 -39 19 -16
-69 42 9 0 -89 -4 -57 -17 37 29
-57 94 -47 7 71 14 -38 26 69 -7
47 6 18 50 10 61 26 -96 54 -57
-86 36 30 -1 51 13 -88 85 -24 -13
-40 15 -84 13 73 -84 -71 91 81 -54
-52 58 35 -15 -41 17 84 28 5 40
60 37 -95 27 48 -72 -82 -96 -58 20
-23 -75 54 69 -13 52 -85 77 2 -41
10 10
-22 -40 72 91 1 -53 60 55 -55 -80
-34 -77 77 80 5 6 -67 -39 19 -16
-69 42 9 0 -89 -4 -57 -17 37 29
-57 94 -47 7 71 14 -38 26 69 -7
47 6 18 50 10 61 26 -96 54 -57
-86 36 30 -1 51 13 -88 85 -24 -13
-40 15 -84 13 73 -84 -71 91 81 -54
-52 58 35 -15 -41 17 84 28 5 40
60 37 -95 27 48 -72 -82 -96 -58 20
-23 -75 54 69 -13 52 -85 77 2 -41
10 10
-22 -40 72 91 1 -53 60 55 -55 -80
-34 -77 77 80 5 6 -67 -39 19 -16
-69 42 9 0 -89 -4 -57 -17 37 29
-57 94 -47 7 71 14 -38 26 69 -7
47 6 18 50 10 61 26 -96 54 -57
-86 36 30 -1 51 13 -88 85 -24 -13
-40 15 -84 13 73 -84 -71 91 81 -54
-52 58 35 -15 -41 17 84 28 5 40
60 37 -95 27 48 -72 -82 -96 -58 20
-23 -75 54 69 -13 52 -85 77 2 -41
10 10
-22 -40 72 91 1 -53 60 55 -55 -80
-34 -77 77 80 5 6 -67 -39 19 -16
-69 42 9 0 -89 -4 -57 -17 37 29
-57 94 -47 7 71 14 -38 26 69 -7
47 6 18 50 10 61 26 -96 54 -57
-86 36 30 -1 51 13 -88 85 -24 -13
-40 15 -84 13 73 -84 -71 91 81 -54
-52 58 35 -15 -41 17 84 28 5 40
60 37 -95 27 48 -72 -82 -96 -58 20
-23 -75 54 69 -13 52 -85 77 2 -41
10 10
-22 -40 72 91 1 -53 60 55 -55 -80
-34 -77 77 80 5 6 -67 -39 19 -16
-69 42 9 0 -89 -4 -57 -17 37 29
-57 94 -47 7 71 14 -38 26 69 -7
47 6 18 50 10 61 26 -96 54 -57
-86 36 30 -1 51 13 -88 85 -24 -13
-40 15 -84 13 73 -84 -71 91 81 -54
-52 58 35 -15 -41 17 84 28 5 40
60 37 -95 27 48 -72 -82 -96 -58 20
-23 -75 54 69 -13 52 -85 77 2 -41
10 10
-22 -40 72 91 1 -53 60 55 -55 -80
-34 -77 77 80 5 6 -67 -39 19 -16
-69 42 9 0 -89 -4 -57 -17 37 29
-57 94 -47 7 71 14 -38 26 69 -7
47 6 18 50 10 61 26 -96 54 -57
-86 36 30 -1 51 13 -88 85 -24 -13
-40 15 -84 13 73 -84 -71 91 81 -54
-52 58 35 -15 -41 17 84 28 5 40
60 37 -95 27 48 -72 -82 -96 -58 20
-23 -75 54 69 -13 52 -85 77 2 -41
10 10
-22 -40 72 91 1 -53 60 55 -55 -80
-34 -77 77 80 5 6 -67 -39 19 -16
-69 42 9 0 -89 -4 -57 -17 37 29
-57 94 -47 7 71 14 -38 26 69 -7
47 6 18 50 10 61 26 -96 54 -57
-86 36 30 -1 51 13 -88 85 -24 -13
-40 15 -84 13 73 -84 -71 91 81 -54
-52 58 35 -15 -41 17 84 28 5 40
60 37 -95 27 48 -72 -82 -96 -58 20
-23 -75 54 69 -13 52 -85 77 2 -41
10 10
-22 -40 72 91 1 -53 60 55 -55 -80
-34 -77 77 80 5 6 -67 -39 19 -16
-69 42 9 0 -89 -4 -57 -17 37 29
-57 94 -47 7 71 14 -38 26 69 -7
47 6 18 50 10 61 26 -96 54 -57
-86 36 30 -1 51 13 -88 85 -24 -13
-40 15 -84 13 73 -84 -71 91 81 -54
-52 58 35 -15 -41 17 84 28 5 40
60 37 -95 27 48 -72 -82 -96 -58 20
-23 -75 54 69 -13 52 -85 77 2 -41
10 10
-22 -40 72 91 1 -53 60 55 -55 -80
-34 -77 77 80 5 6 -67 -39 19 -16
-69 42 9 0 -89 -4 -57 -17 37 29
-57 94 -47 7 71 14 -38 26 69 -7
47 6 18 50 10 61 26 -96 54 -57
-86 36 30 -1 51 13 -88 85 -24 -13
-40 15 -84 13 73 -84 -71 91 81 -54
-52 58 35 -15 -41 17 84 28 5 40
60 37 -95 27 48 -72 -82 -96 -58 20
-23 -75 54 69 -13 52 -85 77 2 -41
10 10
-22 -40 72 91 1 -53 60 55 -55 -80
-34 -77 77 80 5 6 -67 -39 19 -16
-69 42 9 0 -89 -4 -57 -17 37 29
-57 94 -47 7 71 14 -38 26 69 -7
47 6 18 50 10 61 26 -96 54 -57
-86 36 30 -1 51 13 -88 85 -24 -13
-40 15 -84 13 73 -84 -71 91 81 -54
-52 58 35 -15 -41 17 84 28 5 40
60 37 -95 27 48 -72 -82 -96 -58 20
-23 -75 54 69 -13 52 -85 77 2 -41
10 10
-22 -40 72 91 1 -53 60 55 -55 -80
-34 -77 77 80 5 6 -67 -39 19 -16
-69 42 9 0 -89 -4 -57 -17 37 29
-57 94 -47 7 71 14 -38 26 69 -7
47 6 18 50 10 61 26 -96 54 -57
-86 36 30 -1 51 13 -88 85 -24 -13
-40 15 -84 13 73 -84 -71 91 81 -54
-52 58 35 -15 -41 17 84 28 5 40
60 37 -95 27 48 -72 -82 -96 -58 20
-23 -75 54 69 -13 52 -85 77 2 -41
10 10
-22 -40 72 91 1 -53 60 55 -55 -80
-34 -77 77 80 5 6 -67 -39 19 -16
-69 42 9 0 -89 -4 -57 -17 37 29
-57 94 -47 7 71 14 -38 26 69 -7
47 6 18 50 10 61 26 -96 54 -57
-86 36 30 -1 51 13 -88 85 -24 -13
-40 15 -84 13 73 -84 -71 91 81 -54
-52 58 35 -15 -41 17 84 28 5 40
60 37 -95 27 48 -72 -82 -96 -58 20
-23 -75 54 69 -13 52 -85 77 2 -41
10 10
-22 -40 72 91 1 -53 60 55 -55 -80
-34 -77 77 80 5 6 -67 -39 19 -16
-69 42 9 0 -89 -4 -57 -17 37 29
-57 94 -47 7 71 14 -38 26 69 -7
47 6 18 50 10 61 26 -96 54 -57
-86 36 30 -1 51 13 -88 85 -24 -13
-40 15 -84 13 73 -84 -71 91 81 -54
-52 58 35 -15 -41 17 84 28 5 40
60 37 -95 27 48 -72 -82 -96 -58 20
-23 -75 54 69 -13 52 -85 77 2 -41
10 10
-22 -40 72 91 1 -53 60 55 -55 -80
-34 -77 77 80 5 6 -67 -39 19 -16
-69 42 9 0 -89 -4 -57 -17 37 29
-57 94 -47 7 71 14 -38 26 69 -7
47 6 18 50 10 61 26 -96 54 -57
-86 36 30 -1 51 13 -88 85 -24 -13
-40 15 -84 13 73 -84 -71 91 81 -54
-52 58 35 -15 -41 17 84 28 5 40
60 37 -95 27 48 -72 -82 -96 -58 20
-23 -75 54 69 -13 52 -85 77 2 -41
10 10
-22 -40 72 91 1 -53 60 55 -55 -80
-34 -77 77 80 5 6 -67 -39 19 -16
-69 42 9 0 -89 -4 -57 -17 37 29
-57 94 -47 7 71 14 -38 26 69 -7
47 6 18 50 10 61 26 -96 54 -57
-86 36 30 -1 51 13 -88 85 -24 -13
-40 15 -84 13 73 -84 -71 91 81 -54
-52 58 35 -15 -41 17 84 28 5 40
60 37 -95 27 48 -72 -82 -96 -58 20
-23 -75 54 69 -13 52 -85 77 2 -41
10 10
-22 -40 72 91 1 -53 60 55 -55 -80
-34 -77 77 80 5 6 -67 -39 19 -16
-69 42 9 0 -89 -4 -57 -17 37 29
-57 94 -47 7 71 14 -38 26 69 -7
47 6 18 50 10 61 26 -96 54 -57
-86 36 30 -1 51 13 -88 85 -24 -13
-40 15 -84 13 73 -84 -71 91 81 -54
-52 58 35 -15 -41 17 84 28 5 40
60 37 -95 27 48 -72 -82 -96 -58 20
-23 -75 54 69 -13 52 -85 77 2 -41
10 10
-22 -40 72 91 1 -53 60 55 -55 -80
-34 -77 77 80 5 6 -67 -39 19 -16
-69 42 9 0 -89 -4 -57 -17 37 29
-57 94 -47 7 71 14 -38 26 69 -7
47 6 18 50 10 61 26 -96 54 -57
-86 36 30 -1 51 13 -88 85 -24 -13
-40 15 -84 13 73 -84 -71 91 81 -54
-52 58 35 -15 -41 17 84 28 5 40
60 37 -95 27 48 -72 -82 -96 -58 20
-23 -75 54 69 -13 52 -85 77 2 -41
10 10
-22 -40 72 91 1 -53 60 55 -55 -80
-34 -77 77 80 5 6 -67 -39 19 -16
-69 42 9 0 -89 -4 -57 -17 37 29
-57 94 -47 7 71 14 -38 26 69 -7
47 6 18 50 10 61 26 -96 54 -57
-86 36 30 -1 51 13 -88 85 -24 -13
-40 15 -84 13 73 -84 -71 91 81 -54
-52 58 35 -15 -41 17 84 28 5 40
60 37 -95 27 48 -72 -82 -96 -58 20
-23 -75 54 69 -13 52 -85 77 2 -41
